{
  "datasets": {
    "train": {
      "expert_ids": [
        "expert_blood_mnist_0_realistic_specialist",
        "expert_blood_mnist_1_realistic_specialist",
        "expert_blood_mnist_2_realistic_specialist",
        "expert_blood_mnist_3_realistic_specialist",
        "expert_blood_mnist_4_realistic_specialist",
        "expert_blood_mnist_5_realistic_specialist",
        "expert_blood_mnist_6_realistic_specialist",
        "expert_blood_mnist_7_realistic_specialist",
        "expert_blood_mnist_8_realistic_specialist",
        "expert_blood_mnist_9_realistic_specialist"
      ],
      "num_experts": 10,
      "num_samples": 8202,
      "avg_pairwise_correlation": 0.89117370009077,
      "pairwise_error_correlation": [
        [
          1.0,
          0.8684155067988119,
          0.9228399063111332,
          0.8700077334711269,
          0.9286994182273595,
          0.916970429840982,
          0.8568422028293755,
          0.8854826313235659,
          0.9667610228849479,
          0.9667610228849479
        ],
        [
          0.8684155067988119,
          1.0,
          0.8591175963176146,
          0.7989210396029217,
          0.865762346585644,
          0.8524554909181726,
          0.7838354650295326,
          0.8166080531617319,
          0.9087836906043463,
          0.9087836906043463
        ],
        [
          0.9228399063111332,
          0.8591175963176146,
          1.0,
          0.8607389135870404,
          0.9204594341541569,
          0.9085313284040689,
          0.8473308489615056,
          0.8764931736501378,
          0.9591466736423357,
          0.9591466736423357
        ],
        [
          0.8700077334711269,
          0.7989210396029217,
          0.8607389135870404,
          1.0,
          0.8673628468260424,
          0.8540978189472549,
          0.7857027570920894,
          0.8183659064571599,
          0.9102526547458769,
          0.9102526547458769
        ],
        [
          0.9286994182273595,
          0.865762346585644,
          0.9204594341541569,
          0.8673628468260424,
          1.0,
          0.9145615110257397,
          0.8541283371378365,
          0.8829171960590672,
          0.9645866397258648,
          0.9645866397258648
        ],
        [
          0.916970429840982,
          0.8524554909181726,
          0.9085313284040689,
          0.8540978189472549,
          0.9145615110257397,
          1.0,
          0.8405145877467848,
          0.8700538562387594,
          0.9537007647680303,
          0.9537007647680303
        ],
        [
          0.8568422028293755,
          0.7838354650295326,
          0.8473308489615056,
          0.7857027570920894,
          0.8541283371378365,
          0.8405145877467848,
          1.0,
          0.8038196039122826,
          0.8981148648486619,
          0.8981148648486619
        ],
        [
          0.8854826313235659,
          0.8166080531617319,
          0.8764931736501378,
          0.8183659064571599,
          0.8829171960590672,
          0.8700538562387594,
          0.8038196039122826,
          0.9999999999999998,
          0.9245439705133125,
          0.9245439705133125
        ],
        [
          0.9667610228849479,
          0.9087836906043463,
          0.9591466736423357,
          0.9102526547458769,
          0.9645866397258648,
          0.9537007647680303,
          0.8981148648486619,
          0.9245439705133125,
          1.0000000000000002,
          1.0000000000000002
        ],
        [
          0.9667610228849479,
          0.9087836906043463,
          0.9591466736423357,
          0.9102526547458769,
          0.9645866397258648,
          0.9537007647680303,
          0.8981148648486619,
          0.9245439705133125,
          1.0000000000000002,
          1.0000000000000002
        ]
      ],
      "pairwise_coerror_rate": [
        [
          0.20446232626188734,
          0.17386003413801512,
          0.1906851987320166,
          0.17434772006827604,
          0.192514020970495,
          0.18885637649353818,
          0.1703243111436235,
          0.17910265788831992,
          0.20446232626188734,
          0.20446232626188734
        ],
        [
          0.17386003413801512,
          0.1850768105340161,
          0.17129968300414533,
          0.15496220434040478,
          0.17312850524262374,
          0.16947086076566692,
          0.15093879541575225,
          0.15971714216044866,
          0.1850768105340161,
          0.1850768105340161
        ],
        [
          0.1906851987320166,
          0.17129968300414533,
          0.20190197512801755,
          0.17178736893440624,
          0.1899536698366252,
          0.18629602535966838,
          0.16776396000975372,
          0.17654230675445012,
          0.20190197512801755,
          0.20190197512801755
        ],
        [
          0.17434772006827604,
          0.15496220434040478,
          0.17178736893440624,
          0.185564496464277,
          0.17361619117288465,
          0.16995854669592783,
          0.15142648134601316,
          0.16020482809070957,
          0.185564496464277,
          0.185564496464277
        ],
        [
          0.192514020970495,
          0.17312850524262374,
          0.1899536698366252,
          0.17361619117288465,
          0.20373079736649596,
          0.1881248475981468,
          0.16959278224823213,
          0.17837112899292856,
          0.20373079736649596,
          0.20373079736649596
        ],
        [
          0.18885637649353818,
          0.16947086076566692,
          0.18629602535966838,
          0.16995854669592783,
          0.1881248475981468,
          0.20007315288953914,
          0.1659351377712753,
          0.1747134845159717,
          0.20007315288953914,
          0.20007315288953914
        ],
        [
          0.1703243111436235,
          0.15093879541575225,
          0.16776396000975372,
          0.15142648134601316,
          0.16959278224823213,
          0.1659351377712753,
          0.18154108753962447,
          0.15618141916605707,
          0.18154108753962447,
          0.18154108753962447
        ],
        [
          0.17910265788831992,
          0.15971714216044866,
          0.17654230675445012,
          0.16020482809070957,
          0.17837112899292856,
          0.1747134845159717,
          0.15618141916605707,
          0.1903194342843209,
          0.1903194342843209,
          0.1903194342843209
        ],
        [
          0.20446232626188734,
          0.1850768105340161,
          0.20190197512801755,
          0.185564496464277,
          0.20373079736649596,
          0.20007315288953914,
          0.18154108753962447,
          0.1903194342843209,
          0.2156791026578883,
          0.2156791026578883
        ],
        [
          0.20446232626188734,
          0.1850768105340161,
          0.20190197512801755,
          0.185564496464277,
          0.20373079736649596,
          0.20007315288953914,
          0.18154108753962447,
          0.1903194342843209,
          0.2156791026578883,
          0.2156791026578883
        ]
      ],
      "pairwise_jaccard_error": [
        [
          1.0,
          0.806105144149237,
          0.8841153193894856,
          0.8083663086489543,
          0.8925946862634256,
          0.8756359525155456,
          0.7897117015262861,
          0.8304126625211984,
          0.9479932165065009,
          0.9479932165065009
        ],
        [
          0.806105144149237,
          1.0,
          0.7942340305257208,
          0.7184850197851894,
          0.8027133973996609,
          0.7857546636517807,
          0.6998304126625212,
          0.7405313736574336,
          0.858111927642736,
          0.858111927642736
        ],
        [
          0.8841153193894856,
          0.7942340305257208,
          1.0,
          0.7964951950254381,
          0.8807235726399095,
          0.8637648388920295,
          0.77784058790277,
          0.8185415488976823,
          0.9361221028829848,
          0.9361221028829848
        ],
        [
          0.8083663086489543,
          0.7184850197851894,
          0.7964951950254381,
          1.0,
          0.8049745618993782,
          0.7880158281514981,
          0.7020915771622386,
          0.742792538157151,
          0.8603730921424534,
          0.8603730921424534
        ],
        [
          0.8925946862634256,
          0.8027133973996609,
          0.8807235726399095,
          0.8049745618993782,
          1.0,
          0.8722442057659695,
          0.78631995477671,
          0.8270209157716225,
          0.9446014697569248,
          0.9446014697569248
        ],
        [
          0.8756359525155456,
          0.7857546636517807,
          0.8637648388920295,
          0.7880158281514981,
          0.8722442057659695,
          1.0,
          0.7693612210288299,
          0.8100621820237422,
          0.9276427360090447,
          0.9276427360090447
        ],
        [
          0.7897117015262861,
          0.6998304126625212,
          0.77784058790277,
          0.7020915771622386,
          0.78631995477671,
          0.7693612210288299,
          1.0,
          0.7241379310344829,
          0.8417184850197852,
          0.8417184850197852
        ],
        [
          0.8304126625211984,
          0.7405313736574336,
          0.8185415488976823,
          0.742792538157151,
          0.8270209157716225,
          0.8100621820237422,
          0.7241379310344829,
          1.0,
          0.8824194460146977,
          0.8824194460146977
        ],
        [
          0.9479932165065009,
          0.858111927642736,
          0.9361221028829848,
          0.8603730921424534,
          0.9446014697569248,
          0.9276427360090447,
          0.8417184850197852,
          0.8824194460146977,
          1.0,
          1.0
        ],
        [
          0.9479932165065009,
          0.858111927642736,
          0.9361221028829848,
          0.8603730921424534,
          0.9446014697569248,
          0.9276427360090447,
          0.8417184850197852,
          0.8824194460146977,
          1.0,
          1.0
        ]
      ],
      "wrong_confusion_overall": [
        [
          0,
          2,
          1,
          25,
          30,
          4,
          0,
          0,
          485,
          501
        ],
        [
          1,
          0,
          0,
          0,
          3,
          2,
          5,
          0,
          1311,
          1347
        ],
        [
          0,
          1,
          0,
          29,
          10,
          1,
          2,
          0,
          589,
          605
        ],
        [
          35,
          1,
          13,
          0,
          45,
          97,
          10,
          0,
          1401,
          1351
        ],
        [
          9,
          2,
          0,
          39,
          0,
          13,
          0,
          0,
          544,
          585
        ],
        [
          13,
          2,
          0,
          177,
          29,
          0,
          0,
          0,
          606,
          605
        ],
        [
          2,
          1,
          1,
          60,
          0,
          12,
          0,
          0,
          1631,
          1593
        ],
        [
          0,
          1,
          1,
          0,
          0,
          0,
          0,
          0,
          1229,
          1211
        ],
        [
          0,
          0,
          0,
          0,
          0,
          0,
          0,
          0,
          0,
          0
        ],
        [
          0,
          0,
          0,
          0,
          0,
          0,
          0,
          0,
          0,
          0
        ]
      ]
    },
    "val": {
      "expert_ids": [
        "expert_blood_mnist_0_realistic_specialist",
        "expert_blood_mnist_1_realistic_specialist",
        "expert_blood_mnist_2_realistic_specialist",
        "expert_blood_mnist_3_realistic_specialist",
        "expert_blood_mnist_4_realistic_specialist",
        "expert_blood_mnist_5_realistic_specialist",
        "expert_blood_mnist_6_realistic_specialist",
        "expert_blood_mnist_7_realistic_specialist",
        "expert_blood_mnist_8_realistic_specialist",
        "expert_blood_mnist_9_realistic_specialist"
      ],
      "num_experts": 10,
      "num_samples": 2050,
      "avg_pairwise_correlation": 0.8882569067757013,
      "pairwise_error_correlation": [
        [
          0.9999999999999998,
          0.8581300403963295,
          0.9032783495441836,
          0.8547514446695157,
          0.9181559065301961,
          0.9247436577105066,
          0.8530602208665818,
          0.8916509362250503,
          0.9623607761157378,
          0.9623607761157378
        ],
        [
          0.8581300403963295,
          0.9999999999999998,
          0.8374593085709667,
          0.7819650981670828,
          0.8543857089954014,
          0.8618683699928152,
          0.7800227525291727,
          0.8242030432266368,
          0.9044577095682275,
          0.9044577095682275
        ],
        [
          0.9032783495441836,
          0.8374593085709667,
          1.0,
          0.8339413798886274,
          0.8998577178837255,
          0.9066946740371917,
          0.8321801650862014,
          0.8723284009900615,
          0.9456960087052477,
          0.9456960087052477
        ],
        [
          0.8547514446695157,
          0.7819650981670828,
          0.8339413798886274,
          1.0,
          0.8509820807888168,
          0.8585146768071256,
          0.7761023686654602,
          0.8205942668066963,
          0.90138157418957,
          0.90138157418957
        ],
        [
          0.9181559065301961,
          0.8543857089954014,
          0.8998577178837255,
          0.8509820807888168,
          0.9999999999999998,
          0.9214702795635898,
          0.8492782823086507,
          0.8881488023659995,
          0.9593359941439402,
          0.9593359941439402
        ],
        [
          0.9247436577105066,
          0.8618683699928152,
          0.9066946740371917,
          0.8585146768071256,
          0.9214702795635898,
          1.0,
          0.8568359624674987,
          0.8951483336753309,
          0.9653833614170434,
          0.9653833614170434
        ],
        [
          0.8530602208665818,
          0.7800227525291727,
          0.8321801650862014,
          0.7761023686654602,
          0.8492782823086507,
          0.8568359624674987,
          0.9999999999999998,
          0.8187874175092952,
          0.8998422913905147,
          0.8998422913905147
        ],
        [
          0.8916509362250503,
          0.8242030432266368,
          0.8723284009900615,
          0.8205942668066963,
          0.8881488023659995,
          0.8951483336753309,
          0.8187874175092952,
          1.0,
          0.9350528637886434,
          0.9350528637886434
        ],
        [
          0.9623607761157378,
          0.9044577095682275,
          0.9456960087052477,
          0.90138157418957,
          0.9593359941439402,
          0.9653833614170434,
          0.8998422913905147,
          0.9350528637886434,
          0.9999999999999998,
          0.9999999999999998
        ],
        [
          0.9623607761157378,
          0.9044577095682275,
          0.9456960087052477,
          0.90138157418957,
          0.9593359941439402,
          0.9653833614170434,
          0.8998422913905147,
          0.9350528637886434,
          0.9999999999999998,
          0.9999999999999998
        ]
      ],
      "pairwise_coerror_rate": [
        [
          0.19219512195121952,
          0.16146341463414635,
          0.1746341463414634,
          0.16048780487804878,
          0.17902439024390243,
          0.18097560975609756,
          0.16,
          0.17121951219512196,
          0.19219512195121952,
          0.19219512195121952
        ],
        [
          0.16146341463414635,
          0.17365853658536584,
          0.15609756097560976,
          0.1419512195121951,
          0.16048780487804878,
          0.1624390243902439,
          0.14146341463414633,
          0.1526829268292683,
          0.17365853658536584,
          0.17365853658536584
        ],
        [
          0.1746341463414634,
          0.15609756097560976,
          0.18682926829268293,
          0.1551219512195122,
          0.17365853658536584,
          0.17560975609756097,
          0.1546341463414634,
          0.16585365853658537,
          0.18682926829268293,
          0.18682926829268293
        ],
        [
          0.16048780487804878,
          0.1419512195121951,
          0.1551219512195122,
          0.17268292682926828,
          0.15951219512195122,
          0.16146341463414635,
          0.1404878048780488,
          0.15170731707317073,
          0.17268292682926828,
          0.17268292682926828
        ],
        [
          0.17902439024390243,
          0.16048780487804878,
          0.17365853658536584,
          0.15951219512195122,
          0.19121951219512195,
          0.18,
          0.15902439024390244,
          0.1702439024390244,
          0.19121951219512195,
          0.19121951219512195
        ],
        [
          0.18097560975609756,
          0.1624390243902439,
          0.17560975609756097,
          0.16146341463414635,
          0.18,
          0.19317073170731708,
          0.16097560975609757,
          0.1721951219512195,
          0.19317073170731708,
          0.19317073170731708
        ],
        [
          0.16,
          0.14146341463414633,
          0.1546341463414634,
          0.1404878048780488,
          0.15902439024390244,
          0.16097560975609757,
          0.1721951219512195,
          0.15121951219512195,
          0.1721951219512195,
          0.1721951219512195
        ],
        [
          0.17121951219512196,
          0.1526829268292683,
          0.16585365853658537,
          0.15170731707317073,
          0.1702439024390244,
          0.1721951219512195,
          0.15121951219512195,
          0.18341463414634146,
          0.18341463414634146,
          0.18341463414634146
        ],
        [
          0.19219512195121952,
          0.17365853658536584,
          0.18682926829268293,
          0.17268292682926828,
          0.19121951219512195,
          0.19317073170731708,
          0.1721951219512195,
          0.18341463414634146,
          0.204390243902439,
          0.204390243902439
        ],
        [
          0.19219512195121952,
          0.17365853658536584,
          0.18682926829268293,
          0.17268292682926828,
          0.19121951219512195,
          0.19317073170731708,
          0.1721951219512195,
          0.18341463414634146,
          0.204390243902439,
          0.204390243902439
        ]
      ],
      "pairwise_jaccard_error": [
        [
          1.0,
          0.7899761336515514,
          0.8544152744630071,
          0.7852028639618139,
          0.8758949880668258,
          0.8854415274463008,
          0.7828162291169452,
          0.8377088305489261,
          0.9403341288782817,
          0.9403341288782817
        ],
        [
          0.7899761336515514,
          1.0,
          0.7637231503579953,
          0.6945107398568019,
          0.7852028639618139,
          0.7947494033412889,
          0.6921241050119331,
          0.7470167064439142,
          0.8496420047732697,
          0.8496420047732697
        ],
        [
          0.8544152744630071,
          0.7637231503579953,
          1.0,
          0.7589498806682577,
          0.8496420047732697,
          0.8591885441527446,
          0.7565632458233891,
          0.81145584725537,
          0.9140811455847256,
          0.9140811455847256
        ],
        [
          0.7852028639618139,
          0.6945107398568019,
          0.7589498806682577,
          1.0,
          0.7804295942720765,
          0.7899761336515514,
          0.6873508353221958,
          0.7422434367541766,
          0.8448687350835322,
          0.8448687350835322
        ],
        [
          0.8758949880668258,
          0.7852028639618139,
          0.8496420047732697,
          0.7804295942720765,
          1.0,
          0.8806682577565633,
          0.7780429594272077,
          0.8329355608591886,
          0.9355608591885443,
          0.9355608591885443
        ],
        [
          0.8854415274463008,
          0.7947494033412889,
          0.8591885441527446,
          0.7899761336515514,
          0.8806682577565633,
          1.0,
          0.7875894988066826,
          0.8424821002386634,
          0.9451073985680192,
          0.9451073985680192
        ],
        [
          0.7828162291169452,
          0.6921241050119331,
          0.7565632458233891,
          0.6873508353221958,
          0.7780429594272077,
          0.7875894988066826,
          1.0,
          0.7398568019093079,
          0.8424821002386634,
          0.8424821002386634
        ],
        [
          0.8377088305489261,
          0.7470167064439142,
          0.81145584725537,
          0.7422434367541766,
          0.8329355608591886,
          0.8424821002386634,
          0.7398568019093079,
          1.0,
          0.8973747016706445,
          0.8973747016706445
        ],
        [
          0.9403341288782817,
          0.8496420047732697,
          0.9140811455847256,
          0.8448687350835322,
          0.9355608591885443,
          0.9451073985680192,
          0.8424821002386634,
          0.8973747016706445,
          1.0,
          1.0
        ],
        [
          0.9403341288782817,
          0.8496420047732697,
          0.9140811455847256,
          0.8448687350835322,
          0.9355608591885443,
          0.9451073985680192,
          0.8424821002386634,
          0.8973747016706445,
          1.0,
          1.0
        ]
      ],
      "wrong_confusion_overall": [
        [
          0,
          3,
          0,
          19,
          0,
          0,
          1,
          0,
          123,
          139
        ],
        [
          0,
          0,
          0,
          0,
          0,
          0,
          0,
          0,
          352,
          315
        ],
        [
          0,
          0,
          0,
          17,
          4,
          0,
          1,
          0,
          149,
          183
        ],
        [
          10,
          0,
          0,
          0,
          13,
          24,
          4,
          1,
          353,
          320
        ],
        [
          0,
          0,
          0,
          0,
          0,
          2,
          0,
          0,
          124,
          137
        ],
        [
          0,
          0,
          0,
          54,
          0,
          0,
          0,
          0,
          96,
          107
        ],
        [
          0,
          0,
          0,
          7,
          0,
          0,
          0,
          1,
          407,
          419
        ],
        [
          0,
          0,
          1,
          0,
          0,
          0,
          0,
          0,
          225,
          231
        ],
        [
          0,
          0,
          0,
          0,
          0,
          0,
          0,
          0,
          0,
          0
        ],
        [
          0,
          0,
          0,
          0,
          0,
          0,
          0,
          0,
          0,
          0
        ]
      ]
    },
    "test": {
      "expert_ids": [
        "expert_blood_mnist_0_realistic_specialist",
        "expert_blood_mnist_1_realistic_specialist",
        "expert_blood_mnist_2_realistic_specialist",
        "expert_blood_mnist_3_realistic_specialist",
        "expert_blood_mnist_4_realistic_specialist",
        "expert_blood_mnist_5_realistic_specialist",
        "expert_blood_mnist_6_realistic_specialist",
        "expert_blood_mnist_7_realistic_specialist",
        "expert_blood_mnist_8_realistic_specialist",
        "expert_blood_mnist_9_realistic_specialist"
      ],
      "num_experts": 10,
      "num_samples": 3421,
      "avg_pairwise_correlation": 0.8900734664642785,
      "pairwise_error_correlation": [
        [
          0.9999999999999998,
          0.8569587117711738,
          0.9099638948844885,
          0.8559665665304252,
          0.9274129568268356,
          0.9206387665832717,
          0.8569587117711738,
          0.8757320699391732,
          0.9610841594490398,
          0.9610841594490398
        ],
        [
          0.8569587117711738,
          1.0,
          0.8470714751118562,
          0.7856658237382157,
          0.8668057620677241,
          0.8591503562778278,
          0.7867989585942187,
          0.8082047569913045,
          0.9047492794341339,
          0.9047492794341339
        ],
        [
          0.9099638948844885,
          0.8470714751118562,
          0.9999999999999998,
          0.8460600510541232,
          0.9188312271990414,
          0.9119366647734062,
          0.8470714751118562,
          0.8662047371319421,
          0.953085838863267,
          0.953085838863267
        ],
        [
          0.8559665665304252,
          0.7856658237382157,
          0.8460600510541232,
          1.0,
          0.8658326340827696,
          0.8581624593832273,
          0.7856658237382157,
          0.8071156962836895,
          0.903847779519673,
          0.903847779519673
        ],
        [
          0.9274129568268356,
          0.8668057620677241,
          0.9188312271990414,
          0.8658326340827696,
          1.0,
          0.9293169461102518,
          0.8668057620677241,
          0.8852241166123274,
          0.9690683969209001,
          0.9690683969209001
        ],
        [
          0.9206387665832717,
          0.8591503562778278,
          0.9119366647734062,
          0.8581624593832273,
          0.9293169461102518,
          1.0,
          0.8591503562778278,
          0.8778444071693808,
          0.9628596210571125,
          0.9628596210571125
        ],
        [
          0.8569587117711738,
          0.7867989585942187,
          0.8470714751118562,
          0.7856658237382157,
          0.8668057620677241,
          0.8591503562778278,
          1.0,
          0.8082047569913045,
          0.9047492794341339,
          0.9047492794341339
        ],
        [
          0.8757320699391732,
          0.8082047569913045,
          0.8662047371319421,
          0.8071156962836895,
          0.8852241166123274,
          0.8778444071693808,
          0.8082047569913045,
          1.0,
          0.9218306782306199,
          0.9218306782306199
        ],
        [
          0.9610841594490398,
          0.9047492794341339,
          0.953085838863267,
          0.903847779519673,
          0.9690683969209001,
          0.9628596210571125,
          0.9047492794341339,
          0.9218306782306199,
          1.0000000000000002,
          1.0000000000000002
        ],
        [
          0.9610841594490398,
          0.9047492794341339,
          0.953085838863267,
          0.903847779519673,
          0.9690683969209001,
          0.9628596210571125,
          0.9047492794341339,
          0.9218306782306199,
          1.0000000000000002,
          1.0000000000000002
        ]
      ],
      "pairwise_coerror_rate": [
        [
          0.19701841566793335,
          0.1657410114001754,
          0.18152586962876352,
          0.16544869921075708,
          0.1867874890382929,
          0.1847413037123648,
          0.1657410114001754,
          0.17129494299912307,
          0.19701841566793335,
          0.19701841566793335
        ],
        [
          0.1657410114001754,
          0.17860274773458054,
          0.1631102016954107,
          0.14703303127740427,
          0.1683718211049401,
          0.166325635779012,
          0.14732534346682258,
          0.15287927506577023,
          0.17860274773458054,
          0.17860274773458054
        ],
        [
          0.18152586962876352,
          0.1631102016954107,
          0.19438760596316867,
          0.1628178895059924,
          0.1841566793335282,
          0.18211049400760013,
          0.1631102016954107,
          0.16866413329435836,
          0.19438760596316867,
          0.19438760596316867
        ],
        [
          0.16544869921075708,
          0.14703303127740427,
          0.1628178895059924,
          0.17831043554516224,
          0.16807950891552179,
          0.1660333235895937,
          0.14703303127740427,
          0.15258696287635196,
          0.17831043554516224,
          0.17831043554516224
        ],
        [
          0.1867874890382929,
          0.1683718211049401,
          0.1841566793335282,
          0.16807950891552179,
          0.19964922537269805,
          0.1873721134171295,
          0.1683718211049401,
          0.17392575270388774,
          0.19964922537269805,
          0.19964922537269805
        ],
        [
          0.1847413037123648,
          0.166325635779012,
          0.18211049400760013,
          0.1660333235895937,
          0.1873721134171295,
          0.19760304004676996,
          0.166325635779012,
          0.17187956737795967,
          0.19760304004676996,
          0.19760304004676996
        ],
        [
          0.1657410114001754,
          0.14732534346682258,
          0.1631102016954107,
          0.14703303127740427,
          0.1683718211049401,
          0.166325635779012,
          0.17860274773458054,
          0.15287927506577023,
          0.17860274773458054,
          0.17860274773458054
        ],
        [
          0.17129494299912307,
          0.15287927506577023,
          0.16866413329435836,
          0.15258696287635196,
          0.17392575270388774,
          0.17187956737795967,
          0.15287927506577023,
          0.1841566793335282,
          0.1841566793335282,
          0.1841566793335282
        ],
        [
          0.19701841566793335,
          0.17860274773458054,
          0.19438760596316867,
          0.17831043554516224,
          0.19964922537269805,
          0.19760304004676996,
          0.17860274773458054,
          0.1841566793335282,
          0.2098801520023385,
          0.2098801520023385
        ],
        [
          0.19701841566793335,
          0.17860274773458054,
          0.19438760596316867,
          0.17831043554516224,
          0.19964922537269805,
          0.19760304004676996,
          0.17860274773458054,
          0.1841566793335282,
          0.2098801520023385,
          0.2098801520023385
        ]
      ],
      "pairwise_jaccard_error": [
        [
          1.0,
          0.7896935933147632,
          0.8649025069637882,
          0.7883008356545961,
          0.8899721448467967,
          0.8802228412256267,
          0.7896935933147632,
          0.8161559888579387,
          0.9387186629526462,
          0.9387186629526462
        ],
        [
          0.7896935933147632,
          1.0,
          0.7771587743732591,
          0.7005571030640668,
          0.8022284122562674,
          0.7924791086350975,
          0.701949860724234,
          0.7284122562674094,
          0.850974930362117,
          0.850974930362117
        ],
        [
          0.8649025069637882,
          0.7771587743732591,
          1.0,
          0.775766016713092,
          0.8774373259052923,
          0.8676880222841226,
          0.7771587743732591,
          0.8036211699164345,
          0.9261838440111421,
          0.9261838440111421
        ],
        [
          0.7883008356545961,
          0.7005571030640668,
          0.775766016713092,
          1.0,
          0.8008356545961003,
          0.7910863509749304,
          0.7005571030640668,
          0.7270194986072424,
          0.8495821727019498,
          0.8495821727019498
        ],
        [
          0.8899721448467967,
          0.8022284122562674,
          0.8774373259052923,
          0.8008356545961003,
          1.0,
          0.892757660167131,
          0.8022284122562674,
          0.8286908077994428,
          0.9512534818941505,
          0.9512534818941505
        ],
        [
          0.8802228412256267,
          0.7924791086350975,
          0.8676880222841226,
          0.7910863509749304,
          0.892757660167131,
          1.0,
          0.7924791086350975,
          0.818941504178273,
          0.9415041782729805,
          0.9415041782729805
        ],
        [
          0.7896935933147632,
          0.701949860724234,
          0.7771587743732591,
          0.7005571030640668,
          0.8022284122562674,
          0.7924791086350975,
          1.0,
          0.7284122562674094,
          0.850974930362117,
          0.850974930362117
        ],
        [
          0.8161559888579387,
          0.7284122562674094,
          0.8036211699164345,
          0.7270194986072424,
          0.8286908077994428,
          0.818941504178273,
          0.7284122562674094,
          1.0,
          0.8774373259052923,
          0.8774373259052923
        ],
        [
          0.9387186629526462,
          0.850974930362117,
          0.9261838440111421,
          0.8495821727019498,
          0.9512534818941505,
          0.9415041782729805,
          0.850974930362117,
          0.8774373259052923,
          1.0,
          1.0
        ],
        [
          0.9387186629526462,
          0.850974930362117,
          0.9261838440111421,
          0.8495821727019498,
          0.9512534818941505,
          0.9415041782729805,
          0.850974930362117,
          0.8774373259052923,
          1.0,
          1.0
        ]
      ],
      "wrong_confusion_overall": [
        [
          0,
          0,
          0,
          5,
          16,
          6,
          0,
          0,
          242,
          207
        ],
        [
          0,
          0,
          0,
          0,
          0,
          0,
          6,
          0,
          549,
          548
        ],
        [
          0,
          0,
          0,
          12,
          10,
          0,
          8,
          9,
          278,
          250
        ],
        [
          16,
          0,
          3,
          0,
          9,
          52,
          10,
          0,
          565,
          567
        ],
        [
          1,
          0,
          6,
          10,
          0,
          7,
          0,
          0,
          196,
          185
        ],
        [
          9,
          0,
          0,
          25,
          10,
          0,
          0,
          0,
          225,
          219
        ],
        [
          1,
          0,
          0,
          9,
          0,
          0,
          0,
          0,
          666,
          657
        ],
        [
          0,
          2,
          0,
          0,
          0,
          0,
          1,
          0,
          510,
          489
        ],
        [
          0,
          0,
          0,
          0,
          0,
          0,
          0,
          0,
          0,
          0
        ],
        [
          0,
          0,
          0,
          0,
          0,
          0,
          0,
          0,
          0,
          0
        ]
      ]
    }
  },
  "meta": {
    "generation_timestamp": "2025-09-27T11:13:48.595002"
  }
}