{
  "datasets": {
    "train": {
      "expert_ids": [
        "expert_organs_axial_0_realistic_specialist",
        "expert_organs_axial_10_realistic_specialist",
        "expert_organs_axial_1_realistic_specialist",
        "expert_organs_axial_2_realistic_specialist",
        "expert_organs_axial_3_realistic_specialist",
        "expert_organs_axial_4_realistic_specialist",
        "expert_organs_axial_5_realistic_specialist",
        "expert_organs_axial_6_realistic_specialist",
        "expert_organs_axial_7_realistic_specialist",
        "expert_organs_axial_8_realistic_specialist",
        "expert_organs_axial_9_realistic_specialist"
      ],
      "num_experts": 11,
      "num_samples": 618,
      "avg_pairwise_correlation": 0.9011886591006246,
      "pairwise_error_correlation": [
        [
          1.0,
          0.9107665658792394,
          0.9205022801195437,
          0.9447550062036452,
          0.9010086252092385,
          0.8912267579180191,
          0.9010086252092385,
          0.9010086252092385,
          0.9156370971818514,
          0.9156370971818514,
          0.9205022801195437
        ],
        [
          0.9107665658792394,
          1.0,
          0.9057653904115748,
          0.930713556361071,
          0.8856963452398221,
          0.875619977464165,
          0.8856963452398221,
          0.8856963452398221,
          0.9007580071209558,
          0.9007580071209558,
          0.9057653904115748
        ],
        [
          0.9205022801195437,
          0.9057653904115748,
          0.9999999999999999,
          0.9400783349485471,
          0.8959115384384453,
          0.8860322367690416,
          0.8959115384384453,
          0.8959115384384453,
          0.9106833243723144,
          0.9106833243723144,
          0.9155955506320469
        ],
        [
          0.9447550062036452,
          0.930713556361071,
          0.9400783349485471,
          1.0000000000000002,
          0.921332333925822,
          0.9119331951812976,
          0.921332333925822,
          0.921332333925822,
          0.9353979108050557,
          0.9353979108050557,
          0.9400783349485471
        ],
        [
          0.9010086252092385,
          0.8856963452398221,
          0.8959115384384453,
          0.921332333925822,
          1.0,
          0.8651750564462706,
          0.8754515153864042,
          0.8754515153864042,
          0.8908075246021031,
          0.8908075246021031,
          0.8959115384384453
        ],
        [
          0.8912267579180191,
          0.875619977464165,
          0.8860322367690416,
          0.9119331951812976,
          0.8651750564462706,
          1.0,
          0.8651750564462706,
          0.8651750564462706,
          0.8808300607790127,
          0.8808300607790127,
          0.8860322367690416
        ],
        [
          0.9010086252092385,
          0.8856963452398221,
          0.8959115384384453,
          0.921332333925822,
          0.8754515153864042,
          0.8651750564462706,
          1.0,
          0.8754515153864042,
          0.8908075246021031,
          0.8908075246021031,
          0.8959115384384453
        ],
        [
          0.9010086252092385,
          0.8856963452398221,
          0.8959115384384453,
          0.921332333925822,
          0.8754515153864042,
          0.8651750564462706,
          0.8754515153864042,
          1.0,
          0.8908075246021031,
          0.8908075246021031,
          0.8959115384384453
        ],
        [
          0.9156370971818514,
          0.9007580071209558,
          0.9106833243723144,
          0.9353979108050557,
          0.8908075246021031,
          0.8808300607790127,
          0.8908075246021031,
          0.8908075246021031,
          1.0,
          0.9057237002684891,
          0.9106833243723144
        ],
        [
          0.9156370971818514,
          0.9007580071209558,
          0.9106833243723144,
          0.9353979108050557,
          0.8908075246021031,
          0.8808300607790127,
          0.8908075246021031,
          0.8908075246021031,
          0.9057237002684891,
          1.0,
          0.9106833243723144
        ],
        [
          0.9205022801195437,
          0.9057653904115748,
          0.9155955506320469,
          0.9400783349485471,
          0.8959115384384453,
          0.8860322367690416,
          0.8959115384384453,
          0.8959115384384453,
          0.9106833243723144,
          0.9106833243723144,
          0.9999999999999999
        ]
      ],
      "pairwise_coerror_rate": [
        [
          0.22330097087378642,
          0.20550161812297735,
          0.2087378640776699,
          0.2168284789644013,
          0.2022653721682848,
          0.19902912621359223,
          0.2022653721682848,
          0.2022653721682848,
          0.20711974110032363,
          0.20711974110032363,
          0.2087378640776699
        ],
        [
          0.20550161812297735,
          0.21844660194174756,
          0.20388349514563106,
          0.21197411003236247,
          0.19741100323624594,
          0.1941747572815534,
          0.19741100323624594,
          0.19741100323624594,
          0.2022653721682848,
          0.2022653721682848,
          0.20388349514563106
        ],
        [
          0.2087378640776699,
          0.20388349514563106,
          0.22168284789644013,
          0.215210355987055,
          0.20064724919093851,
          0.19741100323624594,
          0.20064724919093851,
          0.20064724919093851,
          0.20550161812297735,
          0.20550161812297735,
          0.20711974110032363
        ],
        [
          0.2168284789644013,
          0.21197411003236247,
          0.215210355987055,
          0.2297734627831715,
          0.2087378640776699,
          0.20550161812297735,
          0.2087378640776699,
          0.2087378640776699,
          0.21359223300970873,
          0.21359223300970873,
          0.215210355987055
        ],
        [
          0.2022653721682848,
          0.19741100323624594,
          0.20064724919093851,
          0.2087378640776699,
          0.215210355987055,
          0.19093851132686085,
          0.1941747572815534,
          0.1941747572815534,
          0.19902912621359223,
          0.19902912621359223,
          0.20064724919093851
        ],
        [
          0.19902912621359223,
          0.1941747572815534,
          0.19741100323624594,
          0.20550161812297735,
          0.19093851132686085,
          0.21197411003236247,
          0.19093851132686085,
          0.19093851132686085,
          0.19579288025889968,
          0.19579288025889968,
          0.19741100323624594
        ],
        [
          0.2022653721682848,
          0.19741100323624594,
          0.20064724919093851,
          0.2087378640776699,
          0.1941747572815534,
          0.19093851132686085,
          0.215210355987055,
          0.1941747572815534,
          0.19902912621359223,
          0.19902912621359223,
          0.20064724919093851
        ],
        [
          0.2022653721682848,
          0.19741100323624594,
          0.20064724919093851,
          0.2087378640776699,
          0.1941747572815534,
          0.19093851132686085,
          0.1941747572815534,
          0.215210355987055,
          0.19902912621359223,
          0.19902912621359223,
          0.20064724919093851
        ],
        [
          0.20711974110032363,
          0.2022653721682848,
          0.20550161812297735,
          0.21359223300970873,
          0.19902912621359223,
          0.19579288025889968,
          0.19902912621359223,
          0.19902912621359223,
          0.22006472491909385,
          0.20388349514563106,
          0.20550161812297735
        ],
        [
          0.20711974110032363,
          0.2022653721682848,
          0.20550161812297735,
          0.21359223300970873,
          0.19902912621359223,
          0.19579288025889968,
          0.19902912621359223,
          0.19902912621359223,
          0.20388349514563106,
          0.22006472491909385,
          0.20550161812297735
        ],
        [
          0.2087378640776699,
          0.20388349514563106,
          0.20711974110032363,
          0.215210355987055,
          0.20064724919093851,
          0.19741100323624594,
          0.20064724919093851,
          0.20064724919093851,
          0.20550161812297735,
          0.20550161812297735,
          0.22168284789644013
        ]
      ],
      "pairwise_jaccard_error": [
        [
          1.0,
          0.8698630136986302,
          0.8835616438356164,
          0.9178082191780822,
          0.8561643835616439,
          0.8424657534246576,
          0.8561643835616439,
          0.8561643835616439,
          0.8767123287671234,
          0.8767123287671234,
          0.8835616438356164
        ],
        [
          0.8698630136986302,
          1.0,
          0.863013698630137,
          0.8972602739726028,
          0.8356164383561643,
          0.821917808219178,
          0.8356164383561643,
          0.8356164383561643,
          0.8561643835616439,
          0.8561643835616439,
          0.863013698630137
        ],
        [
          0.8835616438356164,
          0.863013698630137,
          1.0,
          0.910958904109589,
          0.8493150684931507,
          0.8356164383561643,
          0.8493150684931507,
          0.8493150684931507,
          0.8698630136986302,
          0.8698630136986302,
          0.8767123287671234
        ],
        [
          0.9178082191780822,
          0.8972602739726028,
          0.910958904109589,
          1.0,
          0.8835616438356164,
          0.8698630136986302,
          0.8835616438356164,
          0.8835616438356164,
          0.9041095890410958,
          0.9041095890410958,
          0.910958904109589
        ],
        [
          0.8561643835616439,
          0.8356164383561643,
          0.8493150684931507,
          0.8835616438356164,
          1.0,
          0.8082191780821918,
          0.821917808219178,
          0.821917808219178,
          0.8424657534246576,
          0.8424657534246576,
          0.8493150684931507
        ],
        [
          0.8424657534246576,
          0.821917808219178,
          0.8356164383561643,
          0.8698630136986302,
          0.8082191780821918,
          1.0,
          0.8082191780821918,
          0.8082191780821918,
          0.8287671232876712,
          0.8287671232876712,
          0.8356164383561643
        ],
        [
          0.8561643835616439,
          0.8356164383561643,
          0.8493150684931507,
          0.8835616438356164,
          0.821917808219178,
          0.8082191780821918,
          1.0,
          0.821917808219178,
          0.8424657534246576,
          0.8424657534246576,
          0.8493150684931507
        ],
        [
          0.8561643835616439,
          0.8356164383561643,
          0.8493150684931507,
          0.8835616438356164,
          0.821917808219178,
          0.8082191780821918,
          0.821917808219178,
          1.0,
          0.8424657534246576,
          0.8424657534246576,
          0.8493150684931507
        ],
        [
          0.8767123287671234,
          0.8561643835616439,
          0.8698630136986302,
          0.9041095890410958,
          0.8424657534246576,
          0.8287671232876712,
          0.8424657534246576,
          0.8424657534246576,
          1.0,
          0.863013698630137,
          0.8698630136986302
        ],
        [
          0.8767123287671234,
          0.8561643835616439,
          0.8698630136986302,
          0.9041095890410958,
          0.8424657534246576,
          0.8287671232876712,
          0.8424657534246576,
          0.8424657534246576,
          0.863013698630137,
          1.0,
          0.8698630136986302
        ],
        [
          0.8835616438356164,
          0.863013698630137,
          0.8767123287671234,
          0.910958904109589,
          0.8493150684931507,
          0.8356164383561643,
          0.8493150684931507,
          0.8493150684931507,
          0.8698630136986302,
          0.8698630136986302,
          1.0
        ]
      ],
      "wrong_confusion_overall": [
        [
          0,
          12,
          2,
          16,
          53,
          11,
          9,
          1,
          5,
          2,
          2
        ],
        [
          7,
          0,
          6,
          19,
          41,
          8,
          16,
          2,
          17,
          3,
          4
        ],
        [
          2,
          11,
          0,
          26,
          7,
          2,
          8,
          10,
          8,
          5,
          5
        ],
        [
          3,
          0,
          5,
          0,
          54,
          50,
          8,
          10,
          24,
          6,
          3
        ],
        [
          3,
          0,
          0,
          39,
          0,
          43,
          34,
          22,
          24,
          1,
          6
        ],
        [
          0,
          0,
          1,
          23,
          87,
          0,
          24,
          4,
          22,
          0,
          2
        ],
        [
          1,
          0,
          0,
          4,
          21,
          45,
          0,
          57,
          39,
          6,
          1
        ],
        [
          4,
          0,
          0,
          3,
          20,
          3,
          85,
          0,
          3,
          5,
          10
        ],
        [
          0,
          1,
          0,
          6,
          46,
          12,
          27,
          11,
          0,
          6,
          2
        ],
        [
          0,
          0,
          0,
          0,
          6,
          0,
          7,
          3,
          8,
          0,
          99
        ],
        [
          1,
          0,
          0,
          0,
          13,
          2,
          5,
          4,
          10,
          97,
          0
        ]
      ]
    },
    "val": {
      "expert_ids": [
        "expert_organs_axial_0_realistic_specialist",
        "expert_organs_axial_10_realistic_specialist",
        "expert_organs_axial_1_realistic_specialist",
        "expert_organs_axial_2_realistic_specialist",
        "expert_organs_axial_3_realistic_specialist",
        "expert_organs_axial_4_realistic_specialist",
        "expert_organs_axial_5_realistic_specialist",
        "expert_organs_axial_6_realistic_specialist",
        "expert_organs_axial_7_realistic_specialist",
        "expert_organs_axial_8_realistic_specialist",
        "expert_organs_axial_9_realistic_specialist"
      ],
      "num_experts": 11,
      "num_samples": 152,
      "avg_pairwise_correlation": 0.9077268619431073,
      "pairwise_error_correlation": [
        [
          1.0,
          0.9037699924440488,
          0.9232984673552418,
          0.942742031767176,
          0.9232984673552418,
          0.8841427637167374,
          0.9621136590229312,
          0.942742031767176,
          0.9621136590229312,
          0.942742031767176,
          0.942742031767176
        ],
        [
          0.9037699924440488,
          1.0,
          0.8600248612279483,
          0.8819717817361535,
          0.8600248612279483,
          0.8156059497224626,
          0.9037699924440488,
          0.8819717817361535,
          0.9037699924440488,
          0.8819717817361535,
          0.8819717817361535
        ],
        [
          0.9232984673552418,
          0.8600248612279483,
          1.0,
          0.9023354809003539,
          0.8812500000000001,
          0.8386415635604686,
          0.9232984673552418,
          0.9023354809003539,
          0.9232984673552418,
          0.9023354809003539,
          0.9023354809003539
        ],
        [
          0.942742031767176,
          0.8819717817361535,
          0.9023354809003539,
          1.0,
          0.9023354809003539,
          0.8614799755765641,
          0.942742031767176,
          0.9225872167048637,
          0.942742031767176,
          0.9225872167048637,
          0.9225872167048637
        ],
        [
          0.9232984673552418,
          0.8600248612279483,
          0.8812500000000001,
          0.9023354809003539,
          1.0,
          0.8386415635604686,
          0.9232984673552418,
          0.9023354809003539,
          0.9232984673552418,
          0.9023354809003539,
          0.9023354809003539
        ],
        [
          0.8841427637167374,
          0.8156059497224626,
          0.8386415635604686,
          0.8614799755765641,
          0.8386415635604686,
          1.0,
          0.8841427637167374,
          0.8614799755765641,
          0.8841427637167374,
          0.8614799755765641,
          0.8614799755765641
        ],
        [
          0.9621136590229312,
          0.9037699924440488,
          0.9232984673552418,
          0.942742031767176,
          0.9232984673552418,
          0.8841427637167374,
          1.0,
          0.942742031767176,
          0.9621136590229312,
          0.942742031767176,
          0.942742031767176
        ],
        [
          0.942742031767176,
          0.8819717817361535,
          0.9023354809003539,
          0.9225872167048637,
          0.9023354809003539,
          0.8614799755765641,
          0.942742031767176,
          1.0,
          0.942742031767176,
          0.9225872167048637,
          0.9225872167048637
        ],
        [
          0.9621136590229312,
          0.9037699924440488,
          0.9232984673552418,
          0.942742031767176,
          0.9232984673552418,
          0.8841427637167374,
          0.9621136590229312,
          0.942742031767176,
          1.0,
          0.942742031767176,
          0.942742031767176
        ],
        [
          0.942742031767176,
          0.8819717817361535,
          0.9023354809003539,
          0.9225872167048637,
          0.9023354809003539,
          0.8614799755765641,
          0.942742031767176,
          0.9225872167048637,
          0.942742031767176,
          1.0,
          0.9225872167048637
        ],
        [
          0.942742031767176,
          0.8819717817361535,
          0.9023354809003539,
          0.9225872167048637,
          0.9023354809003539,
          0.8614799755765641,
          0.942742031767176,
          0.9225872167048637,
          0.942742031767176,
          0.9225872167048637,
          1.0
        ]
      ],
      "pairwise_coerror_rate": [
        [
          0.2236842105263158,
          0.19736842105263158,
          0.20394736842105263,
          0.21052631578947367,
          0.20394736842105263,
          0.19078947368421054,
          0.21710526315789475,
          0.21052631578947367,
          0.21710526315789475,
          0.21052631578947367,
          0.21052631578947367
        ],
        [
          0.19736842105263158,
          0.20394736842105263,
          0.18421052631578946,
          0.19078947368421054,
          0.18421052631578946,
          0.17105263157894737,
          0.19736842105263158,
          0.19078947368421054,
          0.19736842105263158,
          0.19078947368421054,
          0.19078947368421054
        ],
        [
          0.20394736842105263,
          0.18421052631578946,
          0.21052631578947367,
          0.19736842105263158,
          0.19078947368421054,
          0.17763157894736842,
          0.20394736842105263,
          0.19736842105263158,
          0.20394736842105263,
          0.19736842105263158,
          0.19736842105263158
        ],
        [
          0.21052631578947367,
          0.19078947368421054,
          0.19736842105263158,
          0.21710526315789475,
          0.19736842105263158,
          0.18421052631578946,
          0.21052631578947367,
          0.20394736842105263,
          0.21052631578947367,
          0.20394736842105263,
          0.20394736842105263
        ],
        [
          0.20394736842105263,
          0.18421052631578946,
          0.19078947368421054,
          0.19736842105263158,
          0.21052631578947367,
          0.17763157894736842,
          0.20394736842105263,
          0.19736842105263158,
          0.20394736842105263,
          0.19736842105263158,
          0.19736842105263158
        ],
        [
          0.19078947368421054,
          0.17105263157894737,
          0.17763157894736842,
          0.18421052631578946,
          0.17763157894736842,
          0.19736842105263158,
          0.19078947368421054,
          0.18421052631578946,
          0.19078947368421054,
          0.18421052631578946,
          0.18421052631578946
        ],
        [
          0.21710526315789475,
          0.19736842105263158,
          0.20394736842105263,
          0.21052631578947367,
          0.20394736842105263,
          0.19078947368421054,
          0.2236842105263158,
          0.21052631578947367,
          0.21710526315789475,
          0.21052631578947367,
          0.21052631578947367
        ],
        [
          0.21052631578947367,
          0.19078947368421054,
          0.19736842105263158,
          0.20394736842105263,
          0.19736842105263158,
          0.18421052631578946,
          0.21052631578947367,
          0.21710526315789475,
          0.21052631578947367,
          0.20394736842105263,
          0.20394736842105263
        ],
        [
          0.21710526315789475,
          0.19736842105263158,
          0.20394736842105263,
          0.21052631578947367,
          0.20394736842105263,
          0.19078947368421054,
          0.21710526315789475,
          0.21052631578947367,
          0.2236842105263158,
          0.21052631578947367,
          0.21052631578947367
        ],
        [
          0.21052631578947367,
          0.19078947368421054,
          0.19736842105263158,
          0.20394736842105263,
          0.19736842105263158,
          0.18421052631578946,
          0.21052631578947367,
          0.20394736842105263,
          0.21052631578947367,
          0.21710526315789475,
          0.20394736842105263
        ],
        [
          0.21052631578947367,
          0.19078947368421054,
          0.19736842105263158,
          0.20394736842105263,
          0.19736842105263158,
          0.18421052631578946,
          0.21052631578947367,
          0.20394736842105263,
          0.21052631578947367,
          0.20394736842105263,
          0.21710526315789475
        ]
      ],
      "pairwise_jaccard_error": [
        [
          1.0,
          0.8571428571428572,
          0.8857142857142857,
          0.9142857142857143,
          0.8857142857142857,
          0.8285714285714286,
          0.942857142857143,
          0.9142857142857143,
          0.942857142857143,
          0.9142857142857143,
          0.9142857142857143
        ],
        [
          0.8571428571428572,
          1.0,
          0.7999999999999999,
          0.8285714285714286,
          0.7999999999999999,
          0.7428571428571429,
          0.8571428571428572,
          0.8285714285714286,
          0.8571428571428572,
          0.8285714285714286,
          0.8285714285714286
        ],
        [
          0.8857142857142857,
          0.7999999999999999,
          1.0,
          0.8571428571428572,
          0.8285714285714286,
          0.7714285714285715,
          0.8857142857142857,
          0.8571428571428572,
          0.8857142857142857,
          0.8571428571428572,
          0.8571428571428572
        ],
        [
          0.9142857142857143,
          0.8285714285714286,
          0.8571428571428572,
          1.0,
          0.8571428571428572,
          0.7999999999999999,
          0.9142857142857143,
          0.8857142857142857,
          0.9142857142857143,
          0.8857142857142857,
          0.8857142857142857
        ],
        [
          0.8857142857142857,
          0.7999999999999999,
          0.8285714285714286,
          0.8571428571428572,
          1.0,
          0.7714285714285715,
          0.8857142857142857,
          0.8571428571428572,
          0.8857142857142857,
          0.8571428571428572,
          0.8571428571428572
        ],
        [
          0.8285714285714286,
          0.7428571428571429,
          0.7714285714285715,
          0.7999999999999999,
          0.7714285714285715,
          1.0,
          0.8285714285714286,
          0.7999999999999999,
          0.8285714285714286,
          0.7999999999999999,
          0.7999999999999999
        ],
        [
          0.942857142857143,
          0.8571428571428572,
          0.8857142857142857,
          0.9142857142857143,
          0.8857142857142857,
          0.8285714285714286,
          1.0,
          0.9142857142857143,
          0.942857142857143,
          0.9142857142857143,
          0.9142857142857143
        ],
        [
          0.9142857142857143,
          0.8285714285714286,
          0.8571428571428572,
          0.8857142857142857,
          0.8571428571428572,
          0.7999999999999999,
          0.9142857142857143,
          1.0,
          0.9142857142857143,
          0.8857142857142857,
          0.8857142857142857
        ],
        [
          0.942857142857143,
          0.8571428571428572,
          0.8857142857142857,
          0.9142857142857143,
          0.8857142857142857,
          0.8285714285714286,
          0.942857142857143,
          0.9142857142857143,
          1.0,
          0.9142857142857143,
          0.9142857142857143
        ],
        [
          0.9142857142857143,
          0.8285714285714286,
          0.8571428571428572,
          0.8857142857142857,
          0.8571428571428572,
          0.7999999999999999,
          0.9142857142857143,
          0.8857142857142857,
          0.9142857142857143,
          1.0,
          0.8857142857142857
        ],
        [
          0.9142857142857143,
          0.8285714285714286,
          0.8571428571428572,
          0.8857142857142857,
          0.8571428571428572,
          0.7999999999999999,
          0.9142857142857143,
          0.8857142857142857,
          0.9142857142857143,
          0.8857142857142857,
          1.0
        ]
      ],
      "wrong_confusion_overall": [
        [
          0,
          3,
          8,
          0,
          4,
          0,
          3,
          2,
          0,
          0,
          1
        ],
        [
          2,
          0,
          3,
          3,
          7,
          2,
          5,
          2,
          3,
          2,
          1
        ],
        [
          0,
          4,
          0,
          14,
          10,
          4,
          1,
          2,
          0,
          4,
          3
        ],
        [
          2,
          0,
          0,
          0,
          10,
          8,
          2,
          2,
          4,
          1,
          1
        ],
        [
          0,
          0,
          0,
          5,
          0,
          34,
          9,
          1,
          0,
          0,
          1
        ],
        [
          0,
          0,
          0,
          7,
          2,
          0,
          13,
          3,
          7,
          0,
          0
        ],
        [
          0,
          0,
          1,
          0,
          1,
          4,
          0,
          13,
          1,
          8,
          3
        ],
        [
          0,
          0,
          0,
          3,
          7,
          0,
          9,
          0,
          13,
          0,
          0
        ],
        [
          0,
          0,
          0,
          0,
          6,
          1,
          9,
          2,
          0,
          2,
          0
        ],
        [
          0,
          0,
          0,
          0,
          1,
          0,
          3,
          1,
          14,
          0,
          12
        ],
        [
          0,
          0,
          0,
          0,
          7,
          1,
          2,
          6,
          4,
          20,
          0
        ]
      ]
    },
    "test": {
      "expert_ids": [
        "expert_organs_axial_0_realistic_specialist",
        "expert_organs_axial_10_realistic_specialist",
        "expert_organs_axial_1_realistic_specialist",
        "expert_organs_axial_2_realistic_specialist",
        "expert_organs_axial_3_realistic_specialist",
        "expert_organs_axial_4_realistic_specialist",
        "expert_organs_axial_5_realistic_specialist",
        "expert_organs_axial_6_realistic_specialist",
        "expert_organs_axial_7_realistic_specialist",
        "expert_organs_axial_8_realistic_specialist",
        "expert_organs_axial_9_realistic_specialist"
      ],
      "num_experts": 11,
      "num_samples": 618,
      "avg_pairwise_correlation": 0.9075791978345452,
      "pairwise_error_correlation": [
        [
          0.9999999999999999,
          0.9264862113873735,
          0.9591674744465751,
          0.9591674744465751,
          0.9218026030355582,
          0.9264862113873735,
          0.9358414052536722,
          0.9311657521788246,
          0.8936051189637916,
          0.9171147446363689,
          0.9218026030355582
        ],
        [
          0.9264862113873735,
          0.9999999999999999,
          0.9314090602694083,
          0.9314090602694083,
          0.8918774870193525,
          0.8968390063280572,
          0.9067437697391982,
          0.9017943608511314,
          0.861966166673186,
          0.8869095801518827,
          0.8918774870193525
        ],
        [
          0.9591674744465751,
          0.9314090602694083,
          1.0000000000000002,
          0.9637834036568214,
          0.926770620292915,
          0.9314090602694083,
          0.9406749404011999,
          0.9360437758321775,
          0.8988517331581167,
          0.9221282799996428,
          0.926770620292915
        ],
        [
          0.9591674744465751,
          0.9314090602694083,
          0.9637834036568214,
          1.0000000000000002,
          0.926770620292915,
          0.9314090602694083,
          0.9406749404011999,
          0.9360437758321775,
          0.8988517331581167,
          0.9221282799996428,
          0.926770620292915
        ],
        [
          0.9218026030355582,
          0.8918774870193525,
          0.926770620292915,
          0.926770620292915,
          1.0,
          0.8918774870193525,
          0.9018762430599095,
          0.8968800126532652,
          0.8566640777477625,
          0.8818526429368582,
          0.886868440322187
        ],
        [
          0.9264862113873735,
          0.8968390063280572,
          0.9314090602694083,
          0.9314090602694083,
          0.8918774870193525,
          0.9999999999999999,
          0.9067437697391982,
          0.9017943608511314,
          0.861966166673186,
          0.8869095801518827,
          0.8918774870193525
        ],
        [
          0.9358414052536722,
          0.9067437697391982,
          0.9406749404011999,
          0.9406749404011999,
          0.9018762430599095,
          0.9067437697391982,
          1.0,
          0.911605838256921,
          0.8725445027512909,
          0.8970030490285851,
          0.9018762430599095
        ],
        [
          0.9311657521788246,
          0.9017943608511314,
          0.9360437758321775,
          0.9360437758321775,
          0.8968800126532652,
          0.9017943608511314,
          0.911605838256921,
          1.0,
          0.8672595527323245,
          0.8919596379952055,
          0.8968800126532652
        ],
        [
          0.8936051189637916,
          0.861966166673186,
          0.8988517331581167,
          0.8988517331581167,
          0.8566640777477625,
          0.861966166673186,
          0.8725445027512909,
          0.8672595527323245,
          1.0000000000000002,
          0.8513530143215562,
          0.8566640777477625
        ],
        [
          0.9171147446363689,
          0.8869095801518827,
          0.9221282799996428,
          0.9221282799996428,
          0.8818526429368582,
          0.8869095801518827,
          0.8970030490285851,
          0.8919596379952055,
          0.8513530143215562,
          1.0,
          0.8818526429368582
        ],
        [
          0.9218026030355582,
          0.8918774870193525,
          0.926770620292915,
          0.926770620292915,
          0.886868440322187,
          0.8918774870193525,
          0.9018762430599095,
          0.8968800126532652,
          0.8566640777477625,
          0.8818526429368582,
          1.0
        ]
      ],
      "pairwise_coerror_rate": [
        [
          0.2313915857605178,
          0.21359223300970873,
          0.22491909385113268,
          0.22491909385113268,
          0.21197411003236247,
          0.21359223300970873,
          0.2168284789644013,
          0.215210355987055,
          0.2022653721682848,
          0.21035598705501618,
          0.21197411003236247
        ],
        [
          0.21359223300970873,
          0.22168284789644013,
          0.215210355987055,
          0.215210355987055,
          0.2022653721682848,
          0.20388349514563106,
          0.20711974110032363,
          0.20550161812297735,
          0.1925566343042071,
          0.20064724919093851,
          0.2022653721682848
        ],
        [
          0.22491909385113268,
          0.215210355987055,
          0.23300970873786409,
          0.22653721682847897,
          0.21359223300970873,
          0.215210355987055,
          0.21844660194174756,
          0.2168284789644013,
          0.20388349514563106,
          0.21197411003236247,
          0.21359223300970873
        ],
        [
          0.22491909385113268,
          0.215210355987055,
          0.22653721682847897,
          0.23300970873786409,
          0.21359223300970873,
          0.215210355987055,
          0.21844660194174756,
          0.2168284789644013,
          0.20388349514563106,
          0.21197411003236247,
          0.21359223300970873
        ],
        [
          0.21197411003236247,
          0.2022653721682848,
          0.21359223300970873,
          0.21359223300970873,
          0.22006472491909385,
          0.2022653721682848,
          0.20550161812297735,
          0.20388349514563106,
          0.19093851132686085,
          0.19902912621359223,
          0.20064724919093851
        ],
        [
          0.21359223300970873,
          0.20388349514563106,
          0.215210355987055,
          0.215210355987055,
          0.2022653721682848,
          0.22168284789644013,
          0.20711974110032363,
          0.20550161812297735,
          0.1925566343042071,
          0.20064724919093851,
          0.2022653721682848
        ],
        [
          0.2168284789644013,
          0.20711974110032363,
          0.21844660194174756,
          0.21844660194174756,
          0.20550161812297735,
          0.20711974110032363,
          0.22491909385113268,
          0.2087378640776699,
          0.19579288025889968,
          0.20388349514563106,
          0.20550161812297735
        ],
        [
          0.215210355987055,
          0.20550161812297735,
          0.2168284789644013,
          0.2168284789644013,
          0.20388349514563106,
          0.20550161812297735,
          0.2087378640776699,
          0.22330097087378642,
          0.1941747572815534,
          0.2022653721682848,
          0.20388349514563106
        ],
        [
          0.2022653721682848,
          0.1925566343042071,
          0.20388349514563106,
          0.20388349514563106,
          0.19093851132686085,
          0.1925566343042071,
          0.19579288025889968,
          0.1941747572815534,
          0.21035598705501618,
          0.18932038834951456,
          0.19093851132686085
        ],
        [
          0.21035598705501618,
          0.20064724919093851,
          0.21197411003236247,
          0.21197411003236247,
          0.19902912621359223,
          0.20064724919093851,
          0.20388349514563106,
          0.2022653721682848,
          0.18932038834951456,
          0.21844660194174756,
          0.19902912621359223
        ],
        [
          0.21197411003236247,
          0.2022653721682848,
          0.21359223300970873,
          0.21359223300970873,
          0.20064724919093851,
          0.2022653721682848,
          0.20550161812297735,
          0.20388349514563106,
          0.19093851132686085,
          0.19902912621359223,
          0.22006472491909385
        ]
      ],
      "pairwise_jaccard_error": [
        [
          1.0,
          0.8918918918918919,
          0.9391891891891893,
          0.9391891891891893,
          0.8851351351351352,
          0.8918918918918919,
          0.9054054054054055,
          0.8986486486486487,
          0.8445945945945947,
          0.8783783783783784,
          0.8851351351351352
        ],
        [
          0.8918918918918919,
          1.0,
          0.8986486486486487,
          0.8986486486486487,
          0.8445945945945947,
          0.8513513513513513,
          0.8648648648648649,
          0.8581081081081081,
          0.8040540540540541,
          0.8378378378378379,
          0.8445945945945947
        ],
        [
          0.9391891891891893,
          0.8986486486486487,
          1.0,
          0.945945945945946,
          0.8918918918918919,
          0.8986486486486487,
          0.9121621621621622,
          0.9054054054054055,
          0.8513513513513513,
          0.8851351351351352,
          0.8918918918918919
        ],
        [
          0.9391891891891893,
          0.8986486486486487,
          0.945945945945946,
          1.0,
          0.8918918918918919,
          0.8986486486486487,
          0.9121621621621622,
          0.9054054054054055,
          0.8513513513513513,
          0.8851351351351352,
          0.8918918918918919
        ],
        [
          0.8851351351351352,
          0.8445945945945947,
          0.8918918918918919,
          0.8918918918918919,
          1.0,
          0.8445945945945947,
          0.8581081081081081,
          0.8513513513513513,
          0.7972972972972974,
          0.8310810810810811,
          0.8378378378378379
        ],
        [
          0.8918918918918919,
          0.8513513513513513,
          0.8986486486486487,
          0.8986486486486487,
          0.8445945945945947,
          1.0,
          0.8648648648648649,
          0.8581081081081081,
          0.8040540540540541,
          0.8378378378378379,
          0.8445945945945947
        ],
        [
          0.9054054054054055,
          0.8648648648648649,
          0.9121621621621622,
          0.9121621621621622,
          0.8581081081081081,
          0.8648648648648649,
          1.0,
          0.8716216216216216,
          0.8175675675675677,
          0.8513513513513513,
          0.8581081081081081
        ],
        [
          0.8986486486486487,
          0.8581081081081081,
          0.9054054054054055,
          0.9054054054054055,
          0.8513513513513513,
          0.8581081081081081,
          0.8716216216216216,
          1.0,
          0.8108108108108109,
          0.8445945945945947,
          0.8513513513513513
        ],
        [
          0.8445945945945947,
          0.8040540540540541,
          0.8513513513513513,
          0.8513513513513513,
          0.7972972972972974,
          0.8040540540540541,
          0.8175675675675677,
          0.8108108108108109,
          1.0,
          0.7905405405405406,
          0.7972972972972974
        ],
        [
          0.8783783783783784,
          0.8378378378378379,
          0.8851351351351352,
          0.8851351351351352,
          0.8310810810810811,
          0.8378378378378379,
          0.8513513513513513,
          0.8445945945945947,
          0.7905405405405406,
          1.0,
